# src_name=FULL_SKY
# time_[MJD]       half_width_[d]  count_rate    error       fracexp
#
52777.13427294169  0.00000028935  7.44800e+04  1.22049e+03  1.00000
52777.13427352041  0.00000028935  7.09200e+04  1.19097e+03  1.00000
52777.13427409911  0.00000028935  7.52800e+04  1.22703e+03  1.00000
52777.13427467780  0.00000028935  7.41400e+04  1.21770e+03  1.00000
52777.13427525652  0.00000028935  7.29600e+04  1.20797e+03  1.00000
52777.13427583521  0.00000028935  7.29400e+04  1.20781e+03  1.00000
52777.13427641393  0.00000028935  7.50400e+04  1.22507e+03  1.00000
52777.13427699263  0.00000028935  7.35800e+04  1.21310e+03  1.00000
52777.13427757132  0.00000028935  7.42800e+04  1.21885e+03  1.00000
52777.13427815004  0.00000028935  7.26400e+04  1.20532e+03  1.00000
52777.13427872874  0.00000028935  7.15200e+04  1.19599e+03  1.00000
52777.13427930745  0.00000028935  7.33400e+04  1.21112e+03  1.00000
52777.13427988614  0.00000028935  7.35600e+04  1.21293e+03  1.00000
52777.13428046484  0.00000028935  7.38200e+04  1.21507e+03  1.00000
52777.13428104356  0.00000028935  7.35800e+04  1.21310e+03  1.00000
52777.13428162225  0.00000028935  7.17400e+04  1.19783e+03  1.00000
52777.13428220098  0.00000028935  7.66000e+04  1.23774e+03  1.00000
52777.13428277967  0.00000028935  7.67800e+04  1.23919e+03  1.00000
52777.13428335836  0.00000028935  7.53200e+04  1.22735e+03  1.00000
52777.13428393708  0.00000028935  7.45600e+04  1.22115e+03  1.00000
52777.13428451578  0.00000028935  7.67000e+04  1.23855e+03  1.00000
52777.13428509449  0.00000028935  7.50400e+04  1.22507e+03  1.00000
52777.13428567319  0.00000028935  7.58200e+04  1.23142e+03  1.00000
52777.13428625188  0.00000028935  7.45800e+04  1.22131e+03  1.00000
52777.13428683060  0.00000028935  7.33800e+04  1.21145e+03  1.00000
52777.13428740930  0.00000028935  7.50200e+04  1.22491e+03  1.00000
52777.13428798801  0.00000028935  7.49200e+04  1.22409e+03  1.00000
52777.13428856671  0.00000028935  7.64800e+04  1.23677e+03  1.00000
52777.13428914540  0.00000028935  7.95800e+04  1.26159e+03  1.00000
52777.13428972412  0.00000028935  7.73600e+04  1.24387e+03  1.00000
52777.13429030281  0.00000028935  7.76800e+04  1.24643e+03  1.00000
52777.13429088153  0.00000028935  7.59600e+04  1.23256e+03  1.00000
52777.13429146023  0.00000028935  7.68800e+04  1.24000e+03  1.00000
52777.13429203892  0.00000028935  7.44800e+04  1.22049e+03  1.00000
52777.13429261764  0.00000028935  7.49600e+04  1.22442e+03  1.00000
52777.13429319634  0.00000028935  7.45200e+04  1.22082e+03  1.00000
52777.13429377505  0.00000028935  7.43200e+04  1.21918e+03  1.00000
52777.13429435375  0.00000028935  7.54200e+04  1.22817e+03  1.00000
52777.13429493245  0.00000028935  7.43600e+04  1.21951e+03  1.00000
52777.13429551116  0.00000028935  7.65000e+04  1.23693e+03  1.00000
52777.13429608985  0.00000028935  7.54200e+04  1.22817e+03  1.00000
52777.13429666858  0.00000028935  7.52200e+04  1.22654e+03  1.00000
52777.13429724727  0.00000028935  7.65400e+04  1.23726e+03  1.00000
52777.13429782596  0.00000028935  7.66000e+04  1.23774e+03  1.00000
52777.13429840468  0.00000028935  7.62800e+04  1.23515e+03  1.00000
52777.13429898338  0.00000028935  7.40600e+04  1.21705e+03  1.00000
52777.13429956209  0.00000028935  7.71400e+04  1.24210e+03  1.00000
52777.13430014079  0.00000028935  7.67400e+04  1.23887e+03  1.00000
52777.13430071948  0.00000028935  7.68400e+04  1.23968e+03  1.00000
52777.13430129820  0.00000028935  7.51400e+04  1.22589e+03  1.00000
52777.13430187690  0.00000028935  7.79800e+04  1.24884e+03  1.00000
52777.13430245561  0.00000028935  7.46600e+04  1.22197e+03  1.00000
52777.13430303431  0.00000028935  7.63800e+04  1.23596e+03  1.00000
52777.13430361301  0.00000028935  7.67600e+04  1.23903e+03  1.00000
52777.13430419172  0.00000028935  7.27200e+04  1.20599e+03  1.00000
52777.13430477041  0.00000028935  7.37000e+04  1.21408e+03  1.00000
52777.13430534914  0.00000028935  7.78200e+04  1.24756e+03  1.00000
52777.13430592783  0.00000028935  7.62400e+04  1.23483e+03  1.00000
52777.13430650652  0.00000028935  7.53000e+04  1.22719e+03  1.00000
52777.13430708524  0.00000028935  7.23000e+04  1.20250e+03  1.00000
52777.13430766394  0.00000028935  7.45600e+04  1.22115e+03  1.00000
52777.13430824265  0.00000028935  7.74800e+04  1.24483e+03  1.00000
52777.13430882135  0.00000028935  7.57400e+04  1.23077e+03  1.00000
52777.13430940005  0.00000028935  7.39000e+04  1.21573e+03  1.00000
52777.13430997876  0.00000028935  7.39200e+04  1.21589e+03  1.00000
52777.13431055746  0.00000028935  7.49000e+04  1.22393e+03  1.00000
52777.13431113617  0.00000028935  7.61000e+04  1.23369e+03  1.00000
52777.13431171487  0.00000028935  7.52000e+04  1.22638e+03  1.00000
52777.13431229357  0.00000028935  7.57000e+04  1.23045e+03  1.00000
52777.13431287228  0.00000028935  7.68400e+04  1.23968e+03  1.00000
52777.13431345098  0.00000028935  7.69000e+04  1.24016e+03  1.00000
52777.13431402970  0.00000028935  7.68800e+04  1.24000e+03  1.00000
52777.13431460839  0.00000028935  7.64400e+04  1.23645e+03  1.00000
52777.13431518708  0.00000028935  7.58800e+04  1.23191e+03  1.00000
52777.13431576580  0.00000028935  7.89800e+04  1.25682e+03  1.00000
52777.13431634450  0.00000028935  7.61200e+04  1.23386e+03  1.00000
52777.13431692321  0.00000028935  7.75000e+04  1.24499e+03  1.00000
52777.13431750191  0.00000028935  7.66000e+04  1.23774e+03  1.00000
52777.13431808061  0.00000028935  7.93600e+04  1.25984e+03  1.00000
52777.13431865932  0.00000028935  8.00400e+04  1.26523e+03  1.00000
52777.13431923802  0.00000028935  8.10800e+04  1.27342e+03  1.00000
52777.13431981674  0.00000028935  7.61600e+04  1.23418e+03  1.00000
52777.13432039543  0.00000028935  7.81800e+04  1.25044e+03  1.00000
52777.13432097412  0.00000028935  7.83600e+04  1.25188e+03  1.00000
52777.13432155284  0.00000028935  7.88400e+04  1.25571e+03  1.00000
52777.13432213154  0.00000028935  7.97400e+04  1.26285e+03  1.00000
52777.13432271026  0.00000028935  7.95800e+04  1.26159e+03  1.00000
52777.13432328895  0.00000028935  7.84600e+04  1.25268e+03  1.00000
52777.13432386765  0.00000028935  7.78200e+04  1.24756e+03  1.00000
52777.13432444636  0.00000028935  8.00200e+04  1.26507e+03  1.00000
52777.13432502506  0.00000028935  7.81200e+04  1.24996e+03  1.00000
52777.13432560377  0.00000028935  7.95000e+04  1.26095e+03  1.00000
52777.13432618247  0.00000028935  7.84000e+04  1.25220e+03  1.00000
52777.13432676117  0.00000028935  8.22000e+04  1.28219e+03  1.00000
52777.13432733988  0.00000028935  7.86600e+04  1.25427e+03  1.00000
52777.13432791857  0.00000028935  7.59000e+04  1.23207e+03  1.00000
52777.13432849730  0.00000028935  7.75000e+04  1.24499e+03  1.00000
52777.13432907599  0.00000028935  7.87800e+04  1.25523e+03  1.00000
52777.13432965468  0.00000028935  8.03400e+04  1.26760e+03  1.00000
52777.13433023341  0.00000028935  7.83600e+04  1.25188e+03  1.00000
52777.13433081210  0.00000028935  7.45800e+04  1.22131e+03  1.00000
52777.13433139081  0.00000028935  7.41400e+04  1.21770e+03  1.00000
52777.13433196951  0.00000028935  7.76200e+04  1.24595e+03  1.00000
52777.13433254821  0.00000028935  7.43800e+04  1.21967e+03  1.00000
52777.13433312692  0.00000028935  7.78400e+04  1.24772e+03  1.00000
52777.13433370562  0.00000028935  7.81200e+04  1.24996e+03  1.00000
52777.13433428433  0.00000028935  7.62200e+04  1.23467e+03  1.00000
52777.13433486303  0.00000028935  7.67000e+04  1.23855e+03  1.00000
52777.13433544173  0.00000028935  7.96200e+04  1.26190e+03  1.00000
52777.13433602044  0.00000028935  7.57000e+04  1.23045e+03  1.00000
52777.13433659914  0.00000028935  8.04600e+04  1.26854e+03  1.00000
52777.13433717786  0.00000028935  7.78400e+04  1.24772e+03  1.00000
52777.13433775655  0.00000028935  8.24800e+04  1.28437e+03  1.00000
52777.13433833524  0.00000028935  8.55200e+04  1.30782e+03  1.00000
52777.13433891397  0.00000028935  7.98600e+04  1.26380e+03  1.00000
52777.13433949266  0.00000028935  8.36800e+04  1.29368e+03  1.00000
52777.13434007137  0.00000028935  8.24800e+04  1.28437e+03  1.00000
52777.13434065007  0.00000028935  8.19200e+04  1.28000e+03  1.00000
52777.13434122877  0.00000028935  8.15200e+04  1.27687e+03  1.00000
52777.13434180748  0.00000028935  8.23600e+04  1.28343e+03  1.00000
52777.13434238618  0.00000028935  8.17000e+04  1.27828e+03  1.00000
52777.13434296490  0.00000028935  7.91800e+04  1.25841e+03  1.00000
52777.13434354359  0.00000028935  7.95200e+04  1.26111e+03  1.00000
52777.13434412229  0.00000028935  7.98600e+04  1.26380e+03  1.00000
52777.13434470100  0.00000028935  8.27200e+04  1.28623e+03  1.00000
52777.13434527969  0.00000028935  7.90400e+04  1.25730e+03  1.00000
52777.13434585841  0.00000028935  8.04600e+04  1.26854e+03  1.00000
52777.13434643710  0.00000028935  7.81800e+04  1.25044e+03  1.00000
52777.13434701580  0.00000028935  7.84200e+04  1.25236e+03  1.00000
52777.13434759452  0.00000028935  7.86400e+04  1.25411e+03  1.00000
52777.13434817321  0.00000028935  8.05200e+04  1.26902e+03  1.00000
52777.13434875193  0.00000028935  7.60600e+04  1.23337e+03  1.00000
52777.13434933063  0.00000028935  7.89600e+04  1.25666e+03  1.00000
52777.13434990932  0.00000028935  7.66200e+04  1.23790e+03  1.00000
52777.13435048804  0.00000028935  7.62200e+04  1.23467e+03  1.00000
52777.13435106674  0.00000028935  7.58000e+04  1.23126e+03  1.00000
52777.13435164545  0.00000028935  7.53200e+04  1.22735e+03  1.00000
52777.13435222414  0.00000028935  7.58000e+04  1.23126e+03  1.00000
52777.13435280284  0.00000028935  7.87600e+04  1.25507e+03  1.00000
52777.13435338156  0.00000028935  7.58800e+04  1.23191e+03  1.00000
52777.13435396025  0.00000028935  8.10600e+04  1.27326e+03  1.00000
52777.13435453897  0.00000028935  7.76600e+04  1.24627e+03  1.00000
52777.13435511767  0.00000028935  7.53600e+04  1.22768e+03  1.00000
52777.13435569636  0.00000028935  7.66600e+04  1.23822e+03  1.00000
52777.13435627508  0.00000028935  7.44600e+04  1.22033e+03  1.00000
52777.13435685377  0.00000028935  7.81000e+04  1.24980e+03  1.00000
52777.13435743249  0.00000028935  7.58000e+04  1.23126e+03  1.00000
52777.13435801119  0.00000028935  7.55600e+04  1.22931e+03  1.00000
52777.13435858988  0.00000028935  7.91200e+04  1.25793e+03  1.00000
52777.13435916859  0.00000028935  7.45200e+04  1.22082e+03  1.00000
52777.13435974730  0.00000028935  7.50600e+04  1.22523e+03  1.00000
52777.13436032601  0.00000028935  7.91000e+04  1.25778e+03  1.00000
52777.13436090470  0.00000028935  7.73400e+04  1.24370e+03  1.00000
52777.13436148340  0.00000028935  7.78000e+04  1.24740e+03  1.00000
52777.13436206212  0.00000028935  7.60800e+04  1.23353e+03  1.00000
52777.13436264081  0.00000028935  7.56000e+04  1.22963e+03  1.00000
52777.13436321953  0.00000028935  7.53600e+04  1.22768e+03  1.00000
52777.13436379823  0.00000028935  7.74000e+04  1.24419e+03  1.00000
52777.13436437692  0.00000028935  7.84200e+04  1.25236e+03  1.00000
52777.13436495564  0.00000028935  7.64200e+04  1.23628e+03  1.00000
52777.13436553433  0.00000028935  7.59600e+04  1.23256e+03  1.00000
52777.13436611305  0.00000028935  7.63800e+04  1.23596e+03  1.00000
52777.13436669175  0.00000028935  7.75200e+04  1.24515e+03  1.00000
52777.13436727044  0.00000028935  7.74400e+04  1.24451e+03  1.00000
52777.13436784916  0.00000028935  7.61600e+04  1.23418e+03  1.00000
52777.13436842785  0.00000028935  7.42800e+04  1.21885e+03  1.00000
52777.13436900657  0.00000028935  7.53000e+04  1.22719e+03  1.00000
52777.13436958526  0.00000028935  7.79200e+04  1.24836e+03  1.00000
52777.13437016396  0.00000028935  7.93000e+04  1.25936e+03  1.00000
52777.13437074268  0.00000028935  7.42200e+04  1.21836e+03  1.00000
52777.13437132137  0.00000028935  7.71600e+04  1.24226e+03  1.00000
52777.13437190009  0.00000028935  7.74400e+04  1.24451e+03  1.00000
52777.13437247879  0.00000028935  7.57400e+04  1.23077e+03  1.00000
52777.13437305748  0.00000028935  7.65200e+04  1.23709e+03  1.00000
52777.13437363620  0.00000028935  7.60600e+04  1.23337e+03  1.00000
52777.13437421490  0.00000028935  7.70400e+04  1.24129e+03  1.00000
52777.13437479361  0.00000028935  7.66200e+04  1.23790e+03  1.00000
52777.13437537230  0.00000028935  7.83000e+04  1.25140e+03  1.00000
52777.13437595100  0.00000028935  7.68600e+04  1.23984e+03  1.00000
52777.13437652972  0.00000028935  7.90600e+04  1.25746e+03  1.00000
52777.13437710841  0.00000028935  7.41600e+04  1.21787e+03  1.00000
52777.13437768713  0.00000028935  7.50200e+04  1.22491e+03  1.00000
52777.13437826583  0.00000028935  7.65800e+04  1.23758e+03  1.00000
52777.13437884452  0.00000028935  7.44800e+04  1.22049e+03  1.00000
52777.13437942324  0.00000028935  7.35800e+04  1.21310e+03  1.00000
52777.13438000193  0.00000028935  7.45200e+04  1.22082e+03  1.00000
52777.13438058065  0.00000028935  7.83800e+04  1.25204e+03  1.00000
52777.13438115935  0.00000028935  7.54400e+04  1.22833e+03  1.00000
52777.13438173804  0.00000028935  7.61000e+04  1.23369e+03  1.00000
52777.13438231676  0.00000028935  7.66400e+04  1.23806e+03  1.00000
52777.13438289546  0.00000028935  7.73200e+04  1.24354e+03  1.00000
52777.13438347417  0.00000028935  7.60400e+04  1.23321e+03  1.00000
52777.13438405286  0.00000028935  7.34600e+04  1.21211e+03  1.00000
52777.13438463156  0.00000028935  7.95600e+04  1.26143e+03  1.00000
52777.13438521028  0.00000028935  7.67400e+04  1.23887e+03  1.00000
52777.13438578897  0.00000028935  7.54600e+04  1.22849e+03  1.00000
52777.13438636769  0.00000028935  7.47800e+04  1.22295e+03  1.00000
52777.13438694639  0.00000028935  7.34800e+04  1.21227e+03  1.00000
52777.13438752508  0.00000028935  7.27800e+04  1.20648e+03  1.00000
52777.13438810380  0.00000028935  7.37800e+04  1.21474e+03  1.00000
52777.13438868249  0.00000028935  7.39200e+04  1.21589e+03  1.00000
52777.13438926121  0.00000028935  7.31400e+04  1.20946e+03  1.00000

# src_name=FULL_SKY
# time_[MJD]       half_width_[d]  count_rate    error       fracexp
#
52777.13427294169  0.00000028935  7.44800e+04  1.22049e+03  1.00000
52777.13427352041  0.00000028935  7.09200e+04  1.19097e+03  1.00000
52777.13427409911  0.00000028935  7.52800e+04  1.22703e+03  1.00000
52777.13427467780  0.00000028935  7.41400e+04  1.21770e+03  1.00000
52777.13427525652  0.00000028935  7.29600e+04  1.20797e+03  1.00000
52777.13427583521  0.00000028935  7.29400e+04  1.20781e+03  1.00000
52777.13427641393  0.00000028935  7.50400e+04  1.22507e+03  1.00000
52777.13427699263  0.00000028935  7.35800e+04  1.21310e+03  1.00000
52777.13427757132  0.00000028935  7.42800e+04  1.21885e+03  1.00000
52777.13427815004  0.00000028935  7.26400e+04  1.20532e+03  1.00000
52777.13427872874  0.00000028935  7.15200e+04  1.19599e+03  1.00000
52777.13427930745  0.00000028935  7.33400e+04  1.21112e+03  1.00000
52777.13427988614  0.00000028935  7.35600e+04  1.21293e+03  1.00000
52777.13428046484  0.00000028935  7.38200e+04  1.21507e+03  1.00000
52777.13428104356  0.00000028935  7.35800e+04  1.21310e+03  1.00000
52777.13428162225  0.00000028935  7.17400e+04  1.19783e+03  1.00000
52777.13428220098  0.00000028935  7.66000e+04  1.23774e+03  1.00000
52777.13428277967  0.00000028935  7.67800e+04  1.23919e+03  1.00000
52777.13428335836  0.00000028935  7.53200e+04  1.22735e+03  1.00000
52777.13428393708  0.00000028935  7.45600e+04  1.22115e+03  1.00000
52777.13428451578  0.00000028935  7.67000e+04  1.23855e+03  1.00000
52777.13428509449  0.00000028935  7.50400e+04  1.22507e+03  1.00000
52777.13428567319  0.00000028935  7.58200e+04  1.23142e+03  1.00000
52777.13428625188  0.00000028935  7.45800e+04  1.22131e+03  1.00000
52777.13428683060  0.00000028935  7.33800e+04  1.21145e+03  1.00000
52777.13428740930  0.00000028935  7.50200e+04  1.22491e+03  1.00000
52777.13428798801  0.00000028935  7.49200e+04  1.22409e+03  1.00000
52777.13428856671  0.00000028935  7.64800e+04  1.23677e+03  1.00000
52777.13428914540  0.00000028935  7.95800e+04  1.26159e+03  1.00000
52777.13428972412  0.00000028935  7.73600e+04  1.24387e+03  1.00000
52777.13429030281  0.00000028935  7.76800e+04  1.24643e+03  1.00000
52777.13429088153  0.00000028935  7.59600e+04  1.23256e+03  1.00000
52777.13429146023  0.00000028935  7.68800e+04  1.24000e+03  1.00000
52777.13429203892  0.00000028935  7.44800e+04  1.22049e+03  1.00000
52777.13429261764  0.00000028935  7.49600e+04  1.22442e+03  1.00000
52777.13429319634  0.00000028935  7.45200e+04  1.22082e+03  1.00000
52777.13429377505  0.00000028935  7.43200e+04  1.21918e+03  1.00000
52777.13429435375  0.00000028935  7.54200e+04  1.22817e+03  1.00000
52777.13429493245  0.00000028935  7.43600e+04  1.21951e+03  1.00000
52777.13429551116  0.00000028935  7.65000e+04  1.23693e+03  1.00000
52777.13429608985  0.00000028935  7.54200e+04  1.22817e+03  1.00000
52777.13429666858  0.00000028935  7.52200e+04  1.22654e+03  1.00000
52777.13429724727  0.00000028935  7.65400e+04  1.23726e+03  1.00000
52777.13429782596  0.00000028935  7.66000e+04  1.23774e+03  1.00000
52777.13429840468  0.00000028935  7.62800e+04  1.23515e+03  1.00000
52777.13429898338  0.00000028935  7.40600e+04  1.21705e+03  1.00000
52777.13429956209  0.00000028935  7.71400e+04  1.24210e+03  1.00000
52777.13430014079  0.00000028935  7.67400e+04  1.23887e+03  1.00000
52777.13430071948  0.00000028935  7.68400e+04  1.23968e+03  1.00000
52777.13430129820  0.00000028935  7.51400e+04  1.22589e+03  1.00000
52777.13430187690  0.00000028935  7.79800e+04  1.24884e+03  1.00000
52777.13430245561  0.00000028935  7.46600e+04  1.22197e+03  1.00000
52777.13430303431  0.00000028935  7.63800e+04  1.23596e+03  1.00000
52777.13430361301  0.00000028935  7.67600e+04  1.23903e+03  1.00000
52777.13430419172  0.00000028935  7.27200e+04  1.20599e+03  1.00000
52777.13430477041  0.00000028935  7.37000e+04  1.21408e+03  1.00000
52777.13430534914  0.00000028935  7.78200e+04  1.24756e+03  1.00000
52777.13430592783  0.00000028935  7.62400e+04  1.23483e+03  1.00000
52777.13430650652  0.00000028935  7.53000e+04  1.22719e+03  1.00000
52777.13430708524  0.00000028935  7.23000e+04  1.20250e+03  1.00000
52777.13430766394  0.00000028935  7.45600e+04  1.22115e+03  1.00000
52777.13430824265  0.00000028935  7.74800e+04  1.24483e+03  1.00000
52777.13430882135  0.00000028935  7.57400e+04  1.23077e+03  1.00000
52777.13430940005  0.00000028935  7.39000e+04  1.21573e+03  1.00000
52777.13430997876  0.00000028935  7.39200e+04  1.21589e+03  1.00000
52777.13431055746  0.00000028935  7.49000e+04  1.22393e+03  1.00000
52777.13431113617  0.00000028935  7.61000e+04  1.23369e+03  1.00000
52777.13431171487  0.00000028935  7.52000e+04  1.22638e+03  1.00000
52777.13431229357  0.00000028935  7.57000e+04  1.23045e+03  1.00000
52777.13431287228  0.00000028935  7.68400e+04  1.23968e+03  1.00000
52777.13431345098  0.00000028935  7.69000e+04  1.24016e+03  1.00000
52777.13431402970  0.00000028935  7.68800e+04  1.24000e+03  1.00000
52777.13431460839  0.00000028935  7.64400e+04  1.23645e+03  1.00000
52777.13431518708  0.00000028935  7.58800e+04  1.23191e+03  1.00000
52777.13431576580  0.00000028935  7.89800e+04  1.25682e+03  1.00000
52777.13431634450  0.00000028935  7.61200e+04  1.23386e+03  1.00000
52777.13431692321  0.00000028935  7.75000e+04  1.24499e+03  1.00000
52777.13431750191  0.00000028935  7.66000e+04  1.23774e+03  1.00000
52777.13431808061  0.00000028935  7.93600e+04  1.25984e+03  1.00000
52777.13431865932  0.00000028935  8.00400e+04  1.26523e+03  1.00000
52777.13431923802  0.00000028935  8.10800e+04  1.27342e+03  1.00000
52777.13431981674  0.00000028935  7.61600e+04  1.23418e+03  1.00000
52777.13432039543  0.00000028935  7.81800e+04  1.25044e+03  1.00000
52777.13432097412  0.00000028935  7.83600e+04  1.25188e+03  1.00000
52777.13432155284  0.00000028935  7.88400e+04  1.25571e+03  1.00000
52777.13432213154  0.00000028935  7.97400e+04  1.26285e+03  1.00000
52777.13432271026  0.00000028935  7.95800e+04  1.26159e+03  1.00000
52777.13432328895  0.00000028935  7.84600e+04  1.25268e+03  1.00000
52777.13432386765  0.00000028935  7.78200e+04  1.24756e+03  1.00000
52777.13432444636  0.00000028935  8.00200e+04  1.26507e+03  1.00000
52777.13432502506  0.00000028935  7.81200e+04  1.24996e+03  1.00000
52777.13432560377  0.00000028935  7.95000e+04  1.26095e+03  1.00000
52777.13432618247  0.00000028935  7.84000e+04  1.25220e+03  1.00000
52777.13432676117  0.00000028935  8.22000e+04  1.28219e+03  1.00000
52777.13432733988  0.00000028935  7.86600e+04  1.25427e+03  1.00000
52777.13432791857  0.00000028935  7.59000e+04  1.23207e+03  1.00000
52777.13432849730  0.00000028935  7.75000e+04  1.24499e+03  1.00000
52777.13432907599  0.00000028935  7.87800e+04  1.25523e+03  1.00000
52777.13432965468  0.00000028935  8.03400e+04  1.26760e+03  1.00000
52777.13433023341  0.00000028935  7.83600e+04  1.25188e+03  1.00000
52777.13433081210  0.00000028935  7.45800e+04  1.22131e+03  1.00000
52777.13433139081  0.00000028935  7.41400e+04  1.21770e+03  1.00000
52777.13433196951  0.00000028935  7.76200e+04  1.24595e+03  1.00000
52777.13433254821  0.00000028935  7.43800e+04  1.21967e+03  1.00000
52777.13433312692  0.00000028935  7.78400e+04  1.24772e+03  1.00000
52777.13433370562  0.00000028935  7.81200e+04  1.24996e+03  1.00000
52777.13433428433  0.00000028935  7.62200e+04  1.23467e+03  1.00000
52777.13433486303  0.00000028935  7.67000e+04  1.23855e+03  1.00000
52777.13433544173  0.00000028935  7.96200e+04  1.26190e+03  1.00000
52777.13433602044  0.00000028935  7.57000e+04  1.23045e+03  1.00000
52777.13433659914  0.00000028935  8.04600e+04  1.26854e+03  1.00000
52777.13433717786  0.00000028935  7.78400e+04  1.24772e+03  1.00000
52777.13433775655  0.00000028935  8.24800e+04  1.28437e+03  1.00000
52777.13433833524  0.00000028935  8.55200e+04  1.30782e+03  1.00000
52777.13433891397  0.00000028935  7.98600e+04  1.26380e+03  1.00000
52777.13433949266  0.00000028935  8.36800e+04  1.29368e+03  1.00000
52777.13434007137  0.00000028935  8.24800e+04  1.28437e+03  1.00000
52777.13434065007  0.00000028935  8.19200e+04  1.28000e+03  1.00000
52777.13434122877  0.00000028935  8.15200e+04  1.27687e+03  1.00000
52777.13434180748  0.00000028935  8.23600e+04  1.28343e+03  1.00000
52777.13434238618  0.00000028935  8.17000e+04  1.27828e+03  1.00000
52777.13434296490  0.00000028935  7.91800e+04  1.25841e+03  1.00000
52777.13434354359  0.00000028935  7.95200e+04  1.26111e+03  1.00000
52777.13434412229  0.00000028935  7.98600e+04  1.26380e+03  1.00000
52777.13434470100  0.00000028935  8.27200e+04  1.28623e+03  1.00000
52777.13434527969  0.00000028935  7.90400e+04  1.25730e+03  1.00000
52777.13434585841  0.00000028935  8.04600e+04  1.26854e+03  1.00000
52777.13434643710  0.00000028935  7.81800e+04  1.25044e+03  1.00000
52777.13434701580  0.00000028935  7.84200e+04  1.25236e+03  1.00000
52777.13434759452  0.00000028935  7.86400e+04  1.25411e+03  1.00000
52777.13434817321  0.00000028935  8.05200e+04  1.26902e+03  1.00000
52777.13434875193  0.00000028935  7.60600e+04  1.23337e+03  1.00000
52777.13434933063  0.00000028935  7.89600e+04  1.25666e+03  1.00000
52777.13434990932  0.00000028935  7.66200e+04  1.23790e+03  1.00000
52777.13435048804  0.00000028935  7.62200e+04  1.23467e+03  1.00000
52777.13435106674  0.00000028935  7.58000e+04  1.23126e+03  1.00000
52777.13435164545  0.00000028935  7.53200e+04  1.22735e+03  1.00000
52777.13435222414  0.00000028935  7.58000e+04  1.23126e+03  1.00000
52777.13435280284  0.00000028935  7.87600e+04  1.25507e+03  1.00000
52777.13435338156  0.00000028935  7.58800e+04  1.23191e+03  1.00000
52777.13435396025  0.00000028935  8.10600e+04  1.27326e+03  1.00000
52777.13435453897  0.00000028935  7.76600e+04  1.24627e+03  1.00000
52777.13435511767  0.00000028935  7.53600e+04  1.22768e+03  1.00000
52777.13435569636  0.00000028935  7.66600e+04  1.23822e+03  1.00000
52777.13435627508  0.00000028935  7.44600e+04  1.22033e+03  1.00000
52777.13435685377  0.00000028935  7.81000e+04  1.24980e+03  1.00000
52777.13435743249  0.00000028935  7.58000e+04  1.23126e+03  1.00000
52777.13435801119  0.00000028935  7.55600e+04  1.22931e+03  1.00000
52777.13435858988  0.00000028935  7.91200e+04  1.25793e+03  1.00000
52777.13435916859  0.00000028935  7.45200e+04  1.22082e+03  1.00000
52777.13435974730  0.00000028935  7.50600e+04  1.22523e+03  1.00000
52777.13436032601  0.00000028935  7.91000e+04  1.25778e+03  1.00000
52777.13436090470  0.00000028935  7.73400e+04  1.24370e+03  1.00000
52777.13436148340  0.00000028935  7.78000e+04  1.24740e+03  1.00000
52777.13436206212  0.00000028935  7.60800e+04  1.23353e+03  1.00000
52777.13436264081  0.00000028935  7.56000e+04  1.22963e+03  1.00000
52777.13436321953  0.00000028935  7.53600e+04  1.22768e+03  1.00000
52777.13436379823  0.00000028935  7.74000e+04  1.24419e+03  1.00000
52777.13436437692  0.00000028935  7.84200e+04  1.25236e+03  1.00000
52777.13436495564  0.00000028935  7.64200e+04  1.23628e+03  1.00000
52777.13436553433  0.00000028935  7.59600e+04  1.23256e+03  1.00000
52777.13436611305  0.00000028935  7.63800e+04  1.23596e+03  1.00000
52777.13436669175  0.00000028935  7.75200e+04  1.24515e+03  1.00000
52777.13436727044  0.00000028935  7.74400e+04  1.24451e+03  1.00000
52777.13436784916  0.00000028935  7.61600e+04  1.23418e+03  1.00000
52777.13436842785  0.00000028935  7.42800e+04  1.21885e+03  1.00000
52777.13436900657  0.00000028935  7.53000e+04  1.22719e+03  1.00000
52777.13436958526  0.00000028935  7.79200e+04  1.24836e+03  1.00000
52777.13437016396  0.00000028935  7.93000e+04  1.25936e+03  1.00000
52777.13437074268  0.00000028935  7.42200e+04  1.21836e+03  1.00000
52777.13437132137  0.00000028935  7.71600e+04  1.24226e+03  1.00000
52777.13437190009  0.00000028935  7.74400e+04  1.24451e+03  1.00000
52777.13437247879  0.00000028935  7.57400e+04  1.23077e+03  1.00000
52777.13437305748  0.00000028935  7.65200e+04  1.23709e+03  1.00000
52777.13437363620  0.00000028935  7.60600e+04  1.23337e+03  1.00000
52777.13437421490  0.00000028935  7.70400e+04  1.24129e+03  1.00000
52777.13437479361  0.00000028935  7.66200e+04  1.23790e+03  1.00000
52777.13437537230  0.00000028935  7.83000e+04  1.25140e+03  1.00000
52777.13437595100  0.00000028935  7.68600e+04  1.23984e+03  1.00000
52777.13437652972  0.00000028935  7.90600e+04  1.25746e+03  1.00000
52777.13437710841  0.00000028935  7.41600e+04  1.21787e+03  1.00000
52777.13437768713  0.00000028935  7.50200e+04  1.22491e+03  1.00000
52777.13437826583  0.00000028935  7.65800e+04  1.23758e+03  1.00000
52777.13437884452  0.00000028935  7.44800e+04  1.22049e+03  1.00000
52777.13437942324  0.00000028935  7.35800e+04  1.21310e+03  1.00000
52777.13438000193  0.00000028935  7.45200e+04  1.22082e+03  1.00000
52777.13438058065  0.00000028935  7.83800e+04  1.25204e+03  1.00000
52777.13438115935  0.00000028935  7.54400e+04  1.22833e+03  1.00000
52777.13438173804  0.00000028935  7.61000e+04  1.23369e+03  1.00000
52777.13438231676  0.00000028935  7.66400e+04  1.23806e+03  1.00000
52777.13438289546  0.00000028935  7.73200e+04  1.24354e+03  1.00000
52777.13438347417  0.00000028935  7.60400e+04  1.23321e+03  1.00000
52777.13438405286  0.00000028935  7.34600e+04  1.21211e+03  1.00000
52777.13438463156  0.00000028935  7.95600e+04  1.26143e+03  1.00000
52777.13438521028  0.00000028935  7.67400e+04  1.23887e+03  1.00000
52777.13438578897  0.00000028935  7.54600e+04  1.22849e+03  1.00000
52777.13438636769  0.00000028935  7.47800e+04  1.22295e+03  1.00000
52777.13438694639  0.00000028935  7.34800e+04  1.21227e+03  1.00000
52777.13438752508  0.00000028935  7.27800e+04  1.20648e+03  1.00000
52777.13438810380  0.00000028935  7.37800e+04  1.21474e+03  1.00000
52777.13438868249  0.00000028935  7.39200e+04  1.21589e+03  1.00000
52777.13438926121  0.00000028935  7.31400e+04  1.20946e+03  1.00000
